東京喰種   Co-Commander   1017.0   61.0   105.0   87.0   59   6.0   1.0   1.0   109.7   0.0   
寒烟翠   Commander   905.0   58.0   115.0   101.0   99   6.0   1.0   -1.5   106.94   0.0   
专杀奥特曼   member   655.0   50.0   69.0   61.0   60   6.0   1.0   0.5   85.19   0.0   
小强   member   661.0   54.0   78.0   64.0   62   5.0   1.0   1.0   81.13   0.0   
丢丢   Co-Commander   670.0   57.0   78.0   69.0   68   5.0   1.0   1.5   80.64   0.0   
Emperor、帝   Co-Commander   634.0   54.0   65.0   64.0   64   4.0   1.0   2.5   80.0   0.0   
XL灬冰麒麟   member   669.0   59.0   75.0   76.0   12.13加入   4.0   1.0   2.0   79.58   2.0   
smwyi   member   567.0   48.0   76.0   59.0   56   3.0   1.0   1.0   80.09   0.0   
零一   member   593.0   50.0   49.0   38.0   36   6.0   1.0   2.5   70.6   0.0   
戰龍   member   582.0   51.0   65.0   63.0   63   3.0   1.0   0.0   68.41   0.0   
猪头兴   member   646.0   51.0   68.0   34.0   0   5.0   1.0   0.5   69.18   0.0   
巅峰-深沉青年   member   659.0   55.0   60.0   48.0   37   6.0   1.0   0.5   66.75   0.0   
aman   member   716.0   57.0   50.0   49.0   49   5.0   1.0   2.0   65.36   0.0   
Vampire   member   586.0   52.0   52.0   50.0   50   5.0   1.0   1.0   64.85   0.0   
瑶啊瑶。   member   501.0   47.0   55.0   47.0   45   3.0   1.0   1.0   63.46   0.0   
如虎如貔   member   533.0   50.0   43.0   40.0   39   6.0   1.0   1.0   59.72   0.0   
姜大龙   member   624.0   53.0   46.0   44.0   44   4.0   1.0   1.0   56.55   0.0   
黑夜、糜烂   member   802.0   63.0   46.0   46.0   12.15加入   3.0   1.0   2.5   54.45   2.0   
埋伏   member   466.0   47.0   71.0   41.0   37   2.0   1.0   0.0   54.48   0.0   
Ash   member   540.0   50.0   48.0   47.0   47   2.0   1.0   0.5   51.92   0.0   
未名#   member   511.0   55.0   61.0   38.0   35   3.0   1.0   2.0   51.14   0.0   
天意sxz   member   543.0   59.0   48.0   47.0   46   4.0   1.0   1.5   49.02   0.0   
爱在偶然   member   590.0   52.0   40.0   54.0   57   2.0   1.0   -1.0   45.76   0.0   
兔Star   member   525.0   50.0   46.0   39.0   38   3.0   1.0   -1.0   40.99   0.0   
妞、给大爷乐一个   member   567.0   48.0   53.0   49.0   49   0.0   0.0   0.0   50.96   0.0   
本队平均水平   system   22.68   1.92   2.12   2.13   2.13   0.0   1.0   0.0   2.04   0.0   
复位修正   system   22.68   1.92   0   0   0   0   0   0   0   0   
